#timestamp, value, Confidence interval bounds
1024 425.73892499989546 401.518237185392 449.9596128143989
1025 425.7398556555537 401.51905541696493 449.96065589414246
1026 425.7407863132463 401.5198736506025 449.9616989758901
1027 425.7417169729733 401.5206918863048 449.96274205964176
1028 425.7426476347347 401.5215101240718 449.96378514539754
1029 425.74357829853045 401.5223283639035 449.9648282331574
1030 425.74450896436065 401.5231466057999 449.9658713229214
1031 425.74543963222527 401.5239648497611 449.9669144146894
1032 425.7463703021243 401.524783095787 449.96795750846167
1033 425.7473009740578 401.5256013438776 449.969000604238
1034 425.7482316480257 401.526419594033 449.9700437020184
1035 425.749162324028 401.527237846253 449.97108680180304
1036 425.7500930020648 401.5280561005378 449.97212990359174
1037 425.75102368213595 401.5288743568873 449.9731730073846
1038 425.7519543642416 401.52969261530154 449.9742161131817
1039 425.7528850483817 401.5305108757805 449.9752592209829
1040 425.75381573455627 401.5313291383243 449.97630233078826
1041 425.75474642276527 401.53214740293276 449.97734544259777
1042 425.75567711300874 401.53296566960597 449.9783885564115
